[ 0.4153,  0.3652,  0.2749,  0.2103,  0.3215,  0.1799,  0.1475,  0.0932,
        -0.0028,  0.0829,  0.0700,  0.0424,  0.1655,  0.0523,  0.1046,  0.1725,
         0.1251,  0.1279,  0.1751,  0.1421,  0.1223,  0.1107,  0.1073,  0.0888,
         0.0854,  0.1929,  0.1504,  0.1252,  0.0740, -0.0066,  0.0617,  0.0462,
         0.0481, -0.0030, -0.0200,  0.0599, -0.0245, -0.0238, -0.0188,  0.0654,
         0.0743, -0.0654,  0.0981, -0.0516,  0.0471,  0.0527, -0.0387, -0.0589,
         0.0680, -0.0292, -0.0287,  0.1754, -0.0142,  0.0738, -0.0046,  0.0175,
         0.0179, -0.0288, -0.1430,  0.3277]

lossのバグ修正

初期値100
[ 0.4379,  0.2409,  0.1769,  0.1661,  0.1111,  0.1083,  0.1107,  0.1021,
         0.1071, -0.0101, -0.0644, -0.0813, -0.0410, -0.0533, -0.0791, -0.0196,
        -0.0522,  0.0912, -0.0613, -0.0871, -0.0447, -0.0553, -0.0537, -0.0038,
        -0.0675, -0.0877, -0.0142, -0.0164, -0.1327,  0.0985, -0.0520,  0.0316,
        -0.0343, -0.0522, -0.0644, -0.1590, -0.0708,  0.0127, -0.0575,  0.0401,
        -0.0166,  0.0460, -0.0375,  0.0526, -0.0920,  0.0248,  0.0471,  0.0266,
         0.0490, -0.0433, -0.0362, -0.0304, -0.0572,  0.0510,  0.0538, -0.0589,
         0.0522, -0.0469, -0.0694,  0.0676]

kobe
[ 0.7303,  0.3849,  0.1961,  0.1356,  0.1180, -0.1788, -0.0363, -0.0363,
        -0.0764,  0.1170,  0.0891, -0.0229,  0.0992, -0.1050, -0.0584,  0.0905,
        0.0695,  0.0679, -0.0278, -0.0812, -0.0149,  0.0894, -0.1029, -0.1275,
        -0.0705,  0.0876,  0.0460, -0.0759, -0.0327,  0.0694, -0.0870, -0.0896,
        -0.1040, -0.0677,  0.0483, -0.0325, -0.0271, -0.0466,  0.0195,  0.0522,
        0.0480,  0.0448, -0.0431,  0.0533,  0.0531, -0.0199, -0.0202,  0.0893,
        0.0475, -0.0095, -0.0551,  0.0072,  0.0515, -0.0354,  0.0427, -0.0910,
        0.0551, -0.0620, -0.0384,  0.0675]

clipのせいか0以下になるパラメータが多い-------------------------------------------------------------------------------------

sigmoid 初期値0(127.5) 学習率0.01　psnr, ssimの保存に間違いあり 
学習中 一番上
[-0.4719,  0.0633,  0.0989,  0.3859,  0.3434,  0.3203,  0.3051,  0.2892,
         0.2593,  0.2542,  0.2555,  0.2554,  0.2582,  0.2549,  0.2527,  0.2517,
         0.2429,  0.2227,  0.2198,  0.2114,  0.2017,  0.1803,  0.1775,  0.1712,
         0.1704,  0.1595,  0.1426,  0.1380,  0.1275,  0.1251,  0.0824,  0.0044,
        -2.0451, -2.2972, -0.1014, -2.0401, -2.5604, -0.1917, -0.0872, -0.0998,
        -2.0130, -2.4974, -2.1021, -2.1902, -2.3927, -2.3925, -2.5244, -2.6460,
        -2.7528, -2.2228, -2.8880, -2.9066, -2.7558, -2.8488, -3.0591, -3.0072,
        -3.4032, -3.0958, -2.9675, -2.8312]

psnr, ssimの保存に間違い修正　直っててくれ！-------------------------------------------------------------------------------------

sigmoid 初期値-0.4382549309311555(100) 学習率0.01
[-0.1775, -0.2475, -0.3669, -0.5321, -0.6495, -0.5367, -0.6002, -0.7473,
        -0.6313, -0.6234, -1.2015, -1.1045, -0.9068, -1.6757, -2.0106, -0.6303,
        -1.9331, -1.7951, -1.9056, -2.1098, -2.2547, -2.4342, -2.6683, -1.5497,
        -2.7277, -1.9065, -1.9619, -2.4319, -1.9813, -2.2789, -2.7136, -1.9206,
        -2.3737, -2.2330, -2.6772, -2.3860, -2.4545, -2.6333, -2.7920, -2.7343,
        -2.9022, -2.6442, -3.3128, -2.3625, -2.8105, -2.9858, -3.1591, -2.7491,
        -2.9849, -3.3892, -2.9635, -3.0589, -3.3089, -2.9171, -4.0081, -3.1289,
        -2.8640, -2.8860, -3.0932, -2.8191]

sigmoid 初期値0(127.5) 学習率0.05
[ 0.4528,  2.6695, -1.7779,  1.3852, -1.3937,  0.7922,  0.8265,  0.6527,
         1.4591, -1.2865, -1.1993,  0.8305, -3.0683,  0.2827, -2.9140, -1.4427,
        -2.9003, -1.5414,  0.3100,  0.4476, -1.2862, -4.4177, -3.3261, -1.5264,
        -3.5948, -4.2527, -1.8237, -3.8193, -3.3807, -2.0923, -3.6868, -1.8819,
        -2.8382, -3.0243, -3.9485, -2.0141, -4.1121, -2.3204, -2.6578, -2.8312,
        -3.8797, -2.3711, -2.7598, -2.8711, -2.8910, -2.9306, -2.8368, -3.2494,
        -2.9405, -2.9290, -2.9249, -2.8795, -2.8379, -2.7729, -2.5920, -3.2166,
        -4.5033, -3.6002, -3.1334, -2.8040]

sigmoid 初期値-3.008154793552548(12) 学習率0.01
[-3.0893, -3.1546, -2.9972, -3.0110, -2.8441, -2.6369, -2.2756, -1.9605,
        -1.8481, -1.6386, -1.4901, -1.0966, -1.5515, -1.8714, -1.2492, -1.5887,
        -1.5013, -1.8377, -2.1070, -2.0890, -2.1271, -2.3392, -2.4441, -2.2830,
        -2.3569, -2.3472, -2.4966, -2.3717, -2.4968, -2.3610, -2.6196, -2.6179,
        -2.7520, -2.7735, -2.8080, -2.9635, -2.9746, -3.0627, -3.0112, -2.9885,
        -2.9941, -2.8917, -2.9584, -2.9131, -2.8967, -2.8903, -2.8787, -2.8799,
        -2.1168, -2.7613, -2.3186, -2.6694, -2.2616, -2.4950, -2.3711, -2.7365,
        -2.8954, -2.6092, -3.0693, -2.8271]

ver2
[-3.0480, -3.1547, -3.0174, -2.7439, -2.3504, -1.7759, -1.7905, -1.3878,
        -1.1733, -0.9293, -0.9726, -1.0045, -1.3139, -2.2705, -0.9906, -1.6852,
        -2.2679, -2.3602, -1.8926, -1.6951, -1.8842, -1.9550, -2.1468, -2.0735,
        -2.1527, -2.1553, -2.2335, -2.4395, -2.1294, -2.7506, -2.7441, -2.1235,
        -2.8634, -2.9670, -2.9862, -3.0932, -3.0610, -3.0369, -3.0488, -3.1665,
        -3.0951, -2.9979, -2.9230, -2.9194, -2.9033, -2.8608, -2.8457, -2.8039,
        -2.7208, -2.2837, -2.6346, -2.4314, -2.4955, -2.3768, -2.6982, -2.7355,
        -2.8658, -2.6133, -3.0584, -2.8368]

----過学習シリーズ--------------------------------------------

kobe method1 lr0.01
[-0.8725, -1.1491, -1.2650, -1.3222, -1.3552, -1.4303, -1.4135, -1.3996,
        -1.3702, -1.3947, -1.4523, -1.6082, -1.7849, -1.7910, -1.8118, -1.8174,
        -1.8242, -1.8364, -1.9273, -2.1166, -2.4845, -2.4890, -2.4815, -2.5330,
        -2.5982, -2.6302, -2.6312, -2.9134, -2.8860, -2.8822, -2.8868, -2.7375,
        -2.7785, -2.8634, -3.0714, -3.6817, -1.6351, -3.0366, -2.2558, -3.0341,
        -3.0775, -3.2643, -3.5610, -3.8026, -3.0870, -2.8581, -3.3664, -2.8904,
        -3.7045, -3.0728, -2.8600, -2.8822, -2.8651, -2.8232, -3.4749, -3.1224,
        -2.9105, -2.9124, -3.1039, -2.8411]

traffic method1 lr0.01
[ 0.2266, -0.8653, -1.4354, -1.6577, -1.8741, -1.9843, -2.0524, -2.0996,
        -2.1908, -2.3014, -2.3650, -2.4606, -2.3880, -2.4463, -2.3463, -2.4577,
        -2.3120, -2.5044, -2.3166, -2.5248, -2.5173, -2.5488, -2.6748, -2.7758,
        -2.8231, -2.8686, -2.8836, -2.9769, -1.9052, -2.5109, -2.4434, -2.5020,
        -2.5400, -2.3619, -2.5183, -2.6439, -2.6776, -2.7016, -2.7346, -2.4804,
        -2.7395, -3.0219, -3.0681, -3.0691, -3.0956, -3.0987, -3.1299, -3.1218,
        -2.9730, -2.9560, -2.9108, -2.8938, -2.8646, -2.8611, -2.8569, -2.8302,
        -3.0014, -3.0744, -3.4240, -3.2364]

drop method1 lr0.01
[-1.4945, -1.5243, -1.5519, -1.5148, -1.5083, -1.4962, -1.5049, -1.4845,
        -1.4733, -1.4908, -1.4966, -1.5014, -1.5062, -1.5450, -1.4687, -1.5150,
        -1.4762, -1.5048, -1.1591, -1.6116, -2.1705, -2.1114, -2.2928, -2.3200,
        -2.2078, -2.5019, -2.2125, -2.3785, -2.0538, -2.1300, -2.4835, -2.2253,
        -2.4053, -1.9785, -2.2684, -2.2423, -2.0953, -2.2580, -2.1667, -2.1812,
        -2.9121, -2.9919, -3.1598, -3.0932, -3.3541, -3.2848, -3.4092, -3.1032,
        -3.5756, -3.4208, -3.1027, -3.3854, -3.0386, -3.3880, -3.2013, -3.0783,
        -3.0642, -2.7281, -2.4244, -2.6532]

runner method1 lr0.01
[-0.4207, -0.7279, -1.3386, -1.8199, -2.8069, -2.8108, -2.7158, -3.1082,
        -3.1288, -2.9201, -2.9273, -2.8860, -2.8618, -2.8855, -2.8909, -2.9177,
        -2.9521, -2.9873, -2.9716, -3.0173, -2.9867, -3.0185, -3.0352, -2.9769,
        -2.9978, -3.0126, -3.0180, -3.0429, -3.0393, -3.0624, -3.0132, -3.0652,
        -3.1185, -2.9047, -2.9643, -2.8641, -2.8709, -2.8798, -2.8619, -2.7070,
        -3.3406, -3.1857, -3.3013, -2.9500, -3.3924, -3.3097, -3.1276, -2.9021,
        -3.1792, -2.8584, -3.1553, -2.8950, -2.8592, -2.7897, -3.4231, -3.2947,
        -2.8716, -2.6169, -3.0798, -2.7017]

crash method1 lr0.01
[ 0.6364, -0.3346, -0.6385, -1.2074, -1.3466, -1.8018, -1.8823, -2.7791,
        -2.0053, -2.0731, -2.1009, -2.5528, -3.0676, -3.2116, -3.6225, -3.3657,
        -3.0956, -3.0398, -3.0404, -2.4530, -3.0698, -2.9452, -2.9371, -2.4270,
        -2.4816, -2.9361, -2.9467, -2.3634, -2.6186, -2.9579, -2.9271, -2.3049,
        -2.2838, -2.9579, -2.1141, -2.9916, -2.1368, -2.5164, -2.2845, -2.4402,
        -3.0316, -3.1070, -3.1086, -3.1566, -3.2979, -3.1069, -2.9866, -3.3604,
        -2.9892, -2.9804, -3.8898, -3.3464, -3.0049, -3.7990, -3.2178, -3.1164,
        -2.9359, -2.9239, -2.9028, -2.6230]

aerial method1 lr0.01
[-0.0898, -0.4386, -1.2405, -1.8568, -2.0529, -2.1448, -2.3900, -2.2729,
        -2.5074, -2.6329, -2.4544, -2.5652, -2.5789, -2.5943, -2.4427, -2.4707,
        -2.5503, -2.5971, -2.4805, -2.5798, -2.5371, -2.4944, -2.6022, -2.5811,
        -2.3479, -2.3478, -2.6200, -2.6177, -2.5848, -2.5777, -2.3450, -2.5534,
        -2.2684, -2.6478, -2.6936, -2.6626, -2.5261, -2.3563, -2.5279, -2.4405,
        -3.1831, -2.8824, -3.1986, -3.0094, -3.1806, -2.8476, -3.2097, -2.9100,
        -3.2125, -2.8917, -3.1941, -2.8848, -3.1996, -2.7424, -3.0593, -2.8024,
        -3.1174, -2.7906, -3.0681, -2.8357]

---------------------------------------------------------------------------------

全部データ method1
sip04 1番下

ex traffic method1 lr001
sip05 1番上

ver2 仮
[-1.1724, -1.2025, -1.2360, -1.2336, -1.2552, -1.2926, -1.3468, -1.3712,
        -1.3707, -1.3881, -1.3967, -1.4079, -1.4010, -1.4213, -1.5095, -1.5051,
        -1.6224, -1.8425, -1.8512, -1.5380, -2.5494, -2.3626, -2.2341, -2.2577,
        -2.1943, -2.3986, -2.3341, -2.3439, -2.2354, -1.9656, -2.2824, -2.4681,
        -2.2401, -2.4762, -2.6764, -2.7022, -2.3060, -2.1277, -2.5854, -2.4365,
        -2.8767, -3.0459, -3.0789, -3.2266, -3.2319, -2.9339, -3.2550, -3.1749,
        -3.7447, -3.2638, -3.1375, -2.8631, -3.3340, -2.8933, -3.8693, -2.9322,
        -3.1144, -2.8870, -3.0845, -2.7649]

ex traffic method1 lr005
sip05 1番下

ex kobe method1 lr001
sip05 真ん中
--------------------------------------------------------------------------------

kobe method1 lr0.05
[-0.2577, -0.4748, -1.3911, -1.3757, -1.3757, -1.4823, -1.4617, -1.4700,
        -1.6253, -1.7847, -1.9165, -2.1306, -2.4580, -2.5249, -2.4949, -2.5760,
        -2.3198, -2.2456, -4.8545, -3.7564, -2.1604, -3.1303, -3.7954, -4.5540,
        -1.4210, -4.8020, -2.0149, -2.0958, -4.5793, -4.6323, -4.7352, -3.8373,
        -4.0300, -4.4448, -4.9251, -4.2405, -4.3116, -4.4599, -4.0099, -4.4177,
        -4.1931, -3.5504, -4.2256, -2.9700, -2.8951, -2.8487, -4.2956, -2.8825,
        -2.8340, -2.8503, -2.9228, -2.8326, -2.8888, -2.8541, -2.8996, -2.8185,
        -3.4262, -3.3218, -2.9140, -2.8365]

traffic method1 lr0.05
[ 0.2503, -0.6219, -1.3672, -1.7848, -1.9892, -2.2188, -2.2691, -2.2344,
        -2.2461, -2.4991, -2.7627, -2.8862, -2.5642, -2.0311, -2.4819, -2.4146,
        -2.4627, -2.6056, -2.3750, -2.5013, -2.4227, -2.1806, -2.2894, -2.5343,
        -2.9112, -4.0419, -1.8802, -2.4413, -2.4498, -2.3540, -2.3726, -2.4684,
        -2.4065, -2.4408, -2.5219, -2.4934, -2.6204, -2.5212, -2.7796, -2.7289,
        -2.7188, -2.6462, -3.0217, -3.0624, -3.0605, -3.0585, -3.1005, -3.0753,
        -3.1489, -3.1030, -3.0278, -2.9872, -2.9217, -2.9864, -2.9473, -2.8678,
        -2.9167, -2.8998, -3.3505, -3.1655]

drop method1 lr0.05
データ保存ミス
[-1.3781, -1.5007, -1.6432, -1.4202, -1.3785, -1.3044, -1.3366, -1.3036,
        -1.3107, -1.3585, -1.3690, -1.3961, -1.4623, -1.5613, -1.5641, -1.4060,
        -1.2032, -1.4953, -1.2235, -1.4397, -2.6437, -1.6491, -1.7295, -2.5618,
        -1.6413, -1.6418, -3.0538, -2.2553, -2.2901, -1.6828, -2.9905, -3.0676,
        -2.2697, -1.9162, -1.5036, -1.8437, -3.1874, -2.6843, -3.0831, -1.4324,
        -4.0086, -3.1354, -2.8086, -3.9354, -3.0969, -5.5327, -3.4598, -4.9497,
        -4.4596, -4.6248, -2.9536, -3.2901, -3.0920, -3.3810, -2.8940, -3.7160,
        -3.3859, -3.2731, -3.0089, -2.8517]

--------------------------------------------------------------------------------

all method1 80
sip04 1番上

kobe method1 80 lr005

traffic method1 80

drop method1 80

ex kobe method1 acc
sip05 上

ex kobe method1 acc delta 
sip05 下

空き
sip04 真ん中

マスク　横ずれだった

ロジット関数
def logit(p):
        return np.log(p/(1-p))

def sigmoid(x):
  return 1.0 / (1.0 + np.exp(-x))

def show_prams(p):
        return 255*sigmoid(p)

100     -0.4382549309311554
50      -1.410986973710262
25      -2.2192034840549946
12      -3.008154793552548

ランダム
[ 2, 22, 14, 17,
  5, 11, 24, 13, 20, 25, 16,  1, 10, 27, 26,  8,
  6,  4, 18, 19,  9,  7, 23,  3,  0, 21, 15, 12]

結果がいいやつ
テストデータ
traffic tuk-tuk upside-down 5 6

もとのデータ
6種類の動画
全28の観測画像

DAVIS
90種類の動画
全743の観測画像を生成
訓練データ　　671　81種類
テストデータ　 72　 9種類